#######################################
#
# B-band photometry of SN II 2017eaw
#
#######################################
#
# Szalai et al. 2019, ApJ, 876, 19
#
# JD           mag    error   Telescope
 2457888.49    13.270 0.028   Konkoly
 2457890.33    13.202 0.032   Konkoly
 2457891.34    13.156 0.030   Konkoly
 2457892.50    13.204 0.045   Konkoly
 2457893.48    13.186 0.022   Konkoly
 2457895.45    13.170 0.014   Konkoly
 2457898.40    13.280 0.018   Konkoly
 2457899.46    13.305 0.021   Konkoly
 2457901.40    13.405 0.026   Konkoly
 2457902.40    13.431 0.026   Konkoly
 2457903.40    13.475 0.026   Konkoly
 2457905.40    13.531 0.028   Konkoly
 2457906.40    13.559 0.007   Konkoly
 2457907.40    13.623 0.006   Konkoly
 2457908.40    13.628 0.008   Konkoly
 2457910.40    13.765 0.008   Konkoly
 2457913.40    13.919 0.010   Konkoly
 2457914.40    13.905 0.010   Konkoly
 2457915.50    13.964 0.008   Konkoly
 2457916.40    14.006 0.008   Konkoly
 2457917.40    14.054 0.011   Konkoly
 2457918.40    14.070 0.009   Konkoly
 2457919.44    14.135 0.063   Konkoly
 2457920.49    14.116 0.008   Konkoly
 2457922.50    14.197 0.011   Konkoly
 2457924.50    14.252 0.008   Konkoly
 2457926.45    14.301 0.010   Konkoly
 2457928.40    14.327 0.009   Konkoly
 2457929.52    14.375 0.010   Konkoly
 2457931.50    14.425 0.054   Konkoly
 2457938.36    14.486 0.023   Konkoly
 2457941.40    14.558 0.038   Konkoly
 2457943.41    14.563 0.044   Konkoly
 2457946.40    14.605 0.070   Konkoly
 2457948.40    14.595 0.059   Konkoly
 2457952.42    14.632 0.030   Konkoly
 2457953.40    14.627 0.010   Konkoly
 2457957.40    14.717 0.046   Konkoly
 2457958.44    14.723 0.063   Konkoly
 2457960.37    14.738 0.055   Konkoly
 2457962.46    14.770 0.023   Konkoly
 2457963.36    14.810 0.037   Konkoly
 2457965.36    14.797 0.008   Konkoly
 2457966.44    14.818 0.008   Konkoly
 2457967.42    14.821 0.008   Konkoly
 2457968.37    14.858 0.062   Konkoly
 2457969.38    14.888 0.025   Konkoly
 2457971.39    14.905 0.064   Konkoly
 2457973.38    14.961 0.038   Konkoly
 2457974.36    14.977 0.046   Konkoly
 2457975.36    14.989 0.041   Konkoly
 2457976.50    15.011 0.046   Konkoly
 2457980.52    15.117 0.041   Konkoly
 2457983.34    15.192 0.031   Konkoly
 2457984.35    15.229 0.032   Konkoly
 2457987.36    15.340 0.034   Konkoly
 2457988.42    15.337 0.012   Konkoly
 2457989.34    15.418 0.032   Konkoly
 2457994.31    15.647 0.042   Konkoly
 2457995.38    15.768 0.059   Konkoly
 2457996.38    15.818 0.058   Konkoly
 2458001.33    16.202 0.068   Konkoly
 2458007.31    16.880 0.056   Konkoly
 2458012.30    17.385 0.048   Konkoly
 2458023.42    17.779 0.048   Konkoly
 2458024.42    17.540 0.037   Konkoly
 2458025.32    17.617 0.037   Konkoly
 2458026.30    17.564 0.041   Konkoly
 2458027.38    17.672 0.015   Konkoly
 2458028.33    17.648 0.022   Konkoly
 2458033.25    17.615 0.025   Konkoly
 2458036.25    17.661 0.019   Konkoly
 2458041.31    17.684 0.044   Konkoly
 2458042.34    17.679 0.012   Konkoly
 2458045.29    17.678 0.056   Konkoly
 2458047.22    17.798 0.035   Konkoly
 2458051.20    17.771 0.047   Konkoly
 2458056.45    17.768 0.038   Konkoly
 2458064.39    17.901 0.018   Konkoly
 2458065.31    17.841 0.031   Konkoly
 2458076.30    17.874 0.072   Konkoly
 2458095.29    18.083 0.054   Konkoly
 2458182.62    18.659 0.077   Konkoly
 2457889.35    13.222 0.012   LCO
 2457890.41    13.198 0.011   LCO
 2457892.43    13.148 0.019   LCO
 2457894.32    13.128 0.007   LCO
 2457896.41    13.146 0.009   LCO
 2457897.39    13.173 0.014   LCO
 2457898.31    13.229 0.012   LCO
 2457899.33    13.257 0.017   LCO
 2457903.31    13.374 0.038   LCO
 2457907.32    13.476 0.022   LCO
 2457908.36    13.536 0.019   LCO
 2457909.37    13.581 0.020   LCO
 2457910.35    13.638 0.011   LCO
 2457918.34    13.981 0.014   LCO
 2457929.29    14.281 0.017   LCO
 2457935.32    14.373 0.026   LCO
 2457941.34    14.447 0.012   LCO
 2457945.30    14.513 0.015   LCO
 2457946.34    14.543 0.016   LCO
 2457962.33    14.699 0.018   LCO
 2457966.43    14.834 0.054   LCO
 2457972.37    14.902 0.016   LCO
 2457973.33    14.902 0.014   LCO
 2457977.30    15.015 0.018   LCO
 2457996.31    15.747 0.027   LCO
 2458002.24    16.267 0.018   LCO
 2458003.34    16.375 0.039   LCO
 2458005.31    16.629 0.017   LCO
 2458006.32    16.719 0.043   LCO
 2458009.32    17.123 0.022   LCO
 2458010.30    17.247 0.028   LCO
 2458011.33    17.334 0.016   LCO
 2458019.28    17.535 0.026   LCO
 2458020.27    17.502 0.014   LCO
 2458029.25    17.611 0.023   LCO
 2458035.26    17.710 0.025   LCO
 2458036.23    17.630 0.028   LCO
 2458040.25    17.687 0.017   LCO
 2458044.23    17.703 0.013   LCO
 2458048.10    17.710 0.019   LCO
 2458052.12    17.747 0.034   LCO
 2458056.09    17.801 0.029   LCO
 2458060.16    17.824 0.023   LCO
 2458061.15    17.760 0.029   LCO
 2458072.12    17.843 0.112   LCO
 2458083.07    17.955 0.023   LCO
 2458100.07    17.997 0.022   LCO
 2458231.52    19.012 0.033   LCO
 2458247.33    19.065 0.040   LCO
 2458255.52    19.134 0.014   LCO
 2458259.31    19.180 0.023   LCO
 2458285.28    19.453 0.018   LCO
 2458293.27    19.521 0.032   LCO
 2458319.25    19.783 0.021   LCO
 2458336.40    19.976 0.059   LCO
 2458352.24    20.092 0.086   LCO
 2458375.31    20.371 0.014   LCO
 2458393.22    20.574 0.042   LCO
 2458395.13    20.631 0.023   LCO
 2457888.09    13.287 0.012   Swift
 2457902.58    13.363 0.020   Swift
 2457904.56    13.432 0.013   Swift
 2457907.09    13.513 0.014   Swift
 2457908.95    13.593 0.013   Swift
 2457910.68    13.690 0.013   Swift
 2457913.19    13.799 0.014   Swift
 2457914.79    13.889 0.014   Swift
 2457917.39    13.936 0.016   Swift
 2457919.32    14.005 0.017   Swift
 2457921.30    14.099 0.014   Swift
 2457949.67    14.574 0.015   Swift
 2457963.09    14.745 0.016   Swift
 2457978.43    15.010 0.024   Swift
 2457981.68    15.080 0.027   Swift
 2457990.80    15.463 0.021   Swift
 2458005.15    16.661 0.043   Swift
 2458009.93    17.254 0.101   Swift
#######################################
#
# Tsvetkov et al. 2018, AstL, 44, 315
#
# JD            B     error   Telescope
 2457888.47    13.32  0.02    T60
 2457890.41    13.30  0.04    P40
 2457892.41    13.25  0.03    M70
 2457892.52    13.20  0.02    S100
 2457898.52    13.33  0.03    C60
 2457901.48    13.37  0.03    C60
 2457904.35    13.48  0.03    M70
 2457905.49    13.52  0.02    C60
 2457912.38    13.82  0.02    M70
 2457912.39    13.79  0.03    S100
 2457914.45    13.93  0.04    T18
 2457916.39    14.01  0.02    T60
 2457916.47    14.00  0.04    C70
 2457921.53    14.18  0.03    S100
 2457923.45    14.22  0.02    T60
 2457926.31    14.31  0.02    S100
 2457926.45    14.26  0.05    C70
 2457927.54    14.34  0.02    S100
 2457928.41    14.35  0.03    M70
 2457929.34    14.35  0.03    T60
 2457930.33    14.40  0.02    S100
 2457931.32    14.41  0.02    S100
 2457932.30    14.39  0.04    S100
 2457933.31    14.44  0.02    S100
 2457934.30    14.46  0.03    S100
 2457934.43    14.42  0.03    T60
 2457940.32    14.52  0.02    S100
 2457942.40    14.56  0.02    S100
 2457942.42    14.47  0.04    C70
 2457944.55    14.59  0.03    S100
 2457956.46    14.68  0.03    C70
 2457960.50    14.75  0.02    T60
 2457967.56    14.82  0.02    T60
 2457972.28    14.92  0.02    S100
 2457975.57    14.90  0.05    S60
 2457978.50    15.05  0.02    S100
 2457980.47    15.11  0.03    S100
 2457981.36    15.10  0.04    M20
 2457982.53    15.16  0.02    T60
 2457985.54    15.18  0.02    S100
 2457986.29    15.23  0.08    M20
 2457990.37    15.42  0.03    S60
 2457990.48    15.45  0.04    T60
 2457991.38    15.44  0.02    C60
 2457992.49    15.48  0.02    C60
 2457992.58    15.54  0.04    S60
 2457993.53    15.53  0.02    C60
 2457994.46    15.60  0.03    C60
 2457995.45    15.76  0.03    T60
 2457997.30    15.74  0.04    P40
 2457997.33    15.87  0.05    M20
 2457998.36    15.81  0.03    P40
 2457999.44    15.84  0.05    C70
 2458004.29    16.48  0.02    C60
 2458005.37    16.61  0.02    C60
 2458006.32    16.75  0.02    C60
 2458007.26    16.88  0.03    C60
 2458008.30    17.06  0.03    C60
 2458009.25    17.09  0.02    C60
 2458009.32    17.03  0.13    M20
 2458009.47    17.12  0.08    C70
 2458011.44    17.22  0.04    C70
 2458019.45    17.42  0.07    P40
 2458022.30    17.59  0.03    T60
 2458025.38    17.44  0.06    C70
 2458027.35    17.51  0.10    C70
 2458028.43    17.63  0.03    T60
 2458029.40    17.43  0.09    C70
 2458052.30    17.74  0.05    T60
 2458061.15    17.72  0.05    C60
 2458063.14    17.81  0.03    C60
 2458075.27    17.81  0.04    C60
 2458076.20    17.87  0.03    C60
 2458095.22    18.03  0.04    T60
#######################################
#
# Buta & Keel 2019, MNRAS, 487, 832
#
# JD            B     error   Telescope
 2457889.756   13.171 0.024   UA 0.4m
 2457891.695   13.204 0.025   UA 0.4m
 2457893.710   13.149 0.031   UA 0.4m
 2457899.700   13.322 0.020   UA 0.4m
 2457900.903   13.292 0.027   SARA-KP
 2457905.662   13.575 0.056   UA 0.4m
 2457914.623   13.888 0.021   UA 0.4m
 2457918.605   14.068 0.030   UA 0.4m
 2457922.574   14.201 0.036   UA 0.4m
 2457929.602   14.331 0.032   UA 0.4m
 2457932.606   14.466 0.041   UA 0.4m
 2457938.610   14.578 0.032   UA 0.4m
 2457944.721   14.634 0.028   UA 0.4m
 2457948.590   14.617 0.029   UA 0.4m
 2457954.598   14.636 0.034   UA 0.4m
 2457960.623   14.733 0.030   UA 0.4m
 2457966.603   14.816 0.026   UA 0.4m
 2457971.603   14.855 0.036   UA 0.4m
 2457978.589   15.016 0.035   UA 0.4m
 2457983.439   15.258 0.042   SARA-RM
 2457989.576   15.454 0.040   UA 0.4m
 2457994.447   15.767 0.045   SARA-RM
 2457999.569   16.092 0.042   UA 0.4m
 2458001.589   16.172 0.051   UA 0.4m
 2458003.594   16.694 0.060   UA 0.4m
 2458006.582   17.178 0.070   UA 0.4m
 2458012.598   17.273 0.114   UA 0.4m
 2458015.613   17.590 0.034   UA 0.4m
 2458017.341   17.656 0.046   SARA-RM
 2458067.590   17.979 0.033   SARA-KP
 2458108.623   18.214 0.036   SARA-KP
 2458116.322   18.162 0.091   SARA-RM
 2458134.323   18.297 0.039   SARA-RM
 2458136.595   18.409 0.056   SARA-KP
 2458191.752   18.752 0.039   SARA-RM
 2458248.699   19.097 0.047   SARA-RM
 2458290.748   19.490 0.047   SARA-KP
 2458305.607   19.800 0.058   SARA-RM
 2458347.514   20.112 0.045   SARA-RM
 2458379.387   20.510 0.082   SARA-RM
 2458396.366   20.647 0.068   SARA-RM
 2458429.378   21.095 0.074   SARA-RM
 2458450.358   21.388 0.083   SARA-RM
#######################################
#
# Van Dyk et al. 2019, ApJ, 875, 136
#
# JD            B     error   Telescope
 2457889.600   13.23  0.05    pt5m
 2457890.582   13.13  0.02    pt5m
 2457891.629   13.18  0.01    pt5m
 2457892.623   13.19  0.01    pt5m
 2457893.561   13.17  0.01    pt5m
 2457896.624   13.21  0.01    pt5m
 2457899.573   13.36  0.01    pt5m
 2457900.630   13.36  0.01    pt5m
 2457903.538   13.46  0.02    pt5m
 2457905.524   13.54  0.01    pt5m
 2457908.515   13.62  0.02    pt5m
 2457909.548   13.65  0.02    pt5m
 2457910.515   13.69  0.01    pt5m
 2457912.555   13.82  0.01    pt5m
 2457922.484   14.26  0.03    pt5m
 2457933.465   14.41  0.02    pt5m
 2457935.650   14.45  0.01    pt5m
 2457936.442   14.48  0.02    pt5m
 2457937.456   14.49  0.01    pt5m
 2457941.426   14.52  0.01    pt5m
 2457942.423   14.57  0.02    pt5m
 2457943.427   14.56  0.02    pt5m
 2457945.485   14.60  0.01    pt5m
 2457946.463   14.61  0.01    pt5m
 2457947.447   14.62  0.01    pt5m
 2457948.447   14.60  0.01    pt5m
 2457949.447   14.60  0.01    pt5m
 2457950.476   14.65  0.02    pt5m
 2457951.504   14.67  0.01    pt5m
 2457952.448   14.66  0.02    pt5m
 2457958.418   14.75  0.02    pt5m
 2457959.418   14.71  0.02    pt5m
 2457960.418   14.83  0.02    pt5m
 2457961.416   14.80  0.02    pt5m
 2457962.417   14.82  0.01    pt5m
 2457963.416   14.78  0.02    pt5m
 2457964.423   14.84  0.01    pt5m
 2457965.415   14.82  0.01    pt5m
 2457966.453   14.86  0.01    pt5m
 2457967.413   14.89  0.02    pt5m
 2457968.412   14.95  0.01    pt5m
 2457969.463   14.92  0.01    pt5m
 2457970.411   14.92  0.01    pt5m
 2457971.411   14.93  0.02    pt5m
 2457972.410   14.94  0.02    pt5m
 2457973.409   15.09  0.05    pt5m
 2457974.408   15.02  0.03    pt5m
 2457978.527   15.18  0.04    pt5m
 2457979.405   15.15  0.02    pt5m
 2457980.404   15.07  0.02    pt5m
 2457985.400   15.32  0.02    pt5m
 2457986.399   15.41  0.03    pt5m
 2457987.398   15.40  0.04    pt5m
 2457989.396   15.58  0.03    pt5m
 2457990.396   15.59  0.02    pt5m
 2457992.394   15.54  0.03    pt5m
 2457993.393   15.70  0.04    pt5m
 2457994.393   15.72  0.03    pt5m
 2457995.392   15.95  0.04    pt5m
 2457999.388   16.07  0.04    pt5m
 2458000.409   16.22  0.04    pt5m
 2458001.386   16.39  0.05    pt5m
 2458004.384   16.70  0.06    pt5m
 2458005.383   16.64  0.06    pt5m
 2458006.382   16.85  0.07    pt5m
 2458007.381   17.00  0.08    pt5m
 2458008.380   17.19  0.08    pt5m
 2458009.457   17.43  0.16    pt5m
 2458010.378   17.10  0.09    pt5m
 2458011.377   17.48  0.20    pt5m
 2458013.376   17.34  0.11    pt5m
 2458015.374   17.31  0.13    pt5m
 2458032.360   17.54  0.15    pt5m
 2458034.444   17.82  0.16    pt5m
 2458035.385   17.76  0.17    pt5m
 2458037.356   18.10  0.14    pt5m
 2458044.387   17.90  0.20    pt5m
 2457891.965   13.14  0.01    Nickel
 2457896.953   13.21  0.01    Nickel
 2457898.957   13.26  0.01    Nickel
 2457903.871   13.43  0.01    Nickel
 2457910.832   13.73  0.01    Nickel
 2457924.883   14.22  0.01    Nickel
 2457925.898   14.27  0.01    Nickel
 2457928.891   14.28  0.01    Nickel
 2457933.863   14.43  0.01    Nickel
 2457941.762   14.55  0.01    Nickel
 2457947.856   14.55  0.02    Nickel
 2457956.824   14.76  0.01    Nickel
 2457959.836   14.80  0.01    Nickel
 2457966.828   14.91  0.01    Nickel
 2457971.887   14.91  0.03    Nickel
 2457979.949   15.14  0.01    Nickel
 2457983.859   15.26  0.01    Nickel
 2457994.781   15.79  0.01    Nickel
 2457997.852   15.98  0.01    Nickel
 2457998.797   15.87  0.12    Nickel
 2458009.801   17.30  0.01    Nickel
 2458016.824   17.63  0.02    Nickel
 2458022.836   17.68  0.01    Nickel
 2458027.766   17.70  0.01    Nickel
 2458033.770   17.70  0.01    Nickel
 2458036.805   17.77  0.01    Nickel
 2458052.738   17.87  0.01    Nickel
 2458054.738   17.92  0.01    Nickel
 2458087.633   18.06  0.02    Nickel
 2458089.641   18.10  0.02    Nickel
 2458097.645   18.13  0.01    Nickel
 2457889.934   13.22  0.03    KAIT
 2457892.004   13.22  0.07    KAIT
 2457897.598   13.26  0.01    KAIT
 2457898.000   13.33  0.09    KAIT
 2457899.000   13.38  0.09    KAIT
 2457907.519   13.70  0.02    KAIT
 2457911.530   13.77  0.01    KAIT
 2457917.996   14.09  0.06    KAIT
 2457919.981   14.13  0.03    KAIT
 2457920.996   14.15  0.07    KAIT
 2457921.996   14.20  0.05    KAIT
 2457922.996   14.28  0.08    KAIT
 2457923.977   14.26  0.03    KAIT
 2457924.977   14.25  0.03    KAIT
 2457925.965   14.29  0.03    KAIT
 2457926.984   14.28  0.14    KAIT
 2457927.977   14.36  0.03    KAIT
 2457929.992   14.38  0.05    KAIT
 2457930.973   14.40  0.02    KAIT
 2457931.949   14.41  0.03    KAIT
 2457933.965   14.43  0.03    KAIT
 2457934.949   14.43  0.02    KAIT
 2457936.969   14.46  0.03    KAIT
 2457937.965   14.51  0.03    KAIT
 2457938.455   14.47  0.01    KAIT
 2457939.961   14.53  0.03    KAIT
 2457940.428   14.52  0.02    KAIT
 2457940.953   14.52  0.03    KAIT
 2457941.949   14.53  0.03    KAIT
 2457942.953   14.57  0.11    KAIT
 2457943.938   14.55  0.04    KAIT
 2457944.945   14.55  0.03    KAIT
 2457945.938   14.60  0.03    KAIT
 2457946.957   14.59  0.03    KAIT
 2457947.965   14.62  0.03    KAIT
 2457948.957   14.63  0.03    KAIT
 2457949.934   14.63  0.03    KAIT
 2457950.938   14.64  0.03    KAIT
 2457951.930   14.64  0.03    KAIT
 2457952.941   14.67  0.03    KAIT
 2457953.448   14.65  0.01    KAIT
 2457953.922   14.68  0.02    KAIT
 2457954.938   14.70  0.03    KAIT
 2457955.926   14.69  0.03    KAIT
 2457956.914   14.71  0.03    KAIT
 2457957.895   14.71  0.03    KAIT
 2457958.926   14.74  0.03    KAIT
 2457959.922   14.75  0.03    KAIT
 2457961.918   14.77  0.03    KAIT
 2457962.918   14.77  0.03    KAIT
 2457963.891   14.79  0.03    KAIT
 2457964.898   14.82  0.03    KAIT
 2457966.906   14.88  0.05    KAIT
 2457967.922   14.85  0.03    KAIT
 2457970.895   14.92  0.04    KAIT
 2457972.879   14.94  0.04    KAIT
 2457973.867   14.98  0.04    KAIT
 2457974.891   14.99  0.04    KAIT
 2457975.887   15.07  0.01    KAIT
 2457975.895   14.98  0.04    KAIT
 2457976.891   15.01  0.03    KAIT
 2457977.891   15.04  0.03    KAIT
 2457978.883   15.07  0.03    KAIT
 2457979.887   15.13  0.03    KAIT
 2457981.875   15.14  0.03    KAIT
 2457982.875   15.17  0.03    KAIT
 2457983.887   15.20  0.03    KAIT
 2457984.863   15.24  0.03    KAIT
 2457985.856   15.27  0.03    KAIT
 2457987.856   15.35  0.03    KAIT
 2457988.875   15.38  0.03    KAIT
 2457990.863   15.49  0.03    KAIT
 2457992.828   15.60  0.03    KAIT
 2457993.844   15.64  0.03    KAIT
 2457994.820   15.71  0.03    KAIT
 2457995.801   15.80  0.03    KAIT
 2457996.809   15.86  0.03    KAIT
 2457997.820   15.93  0.04    KAIT
 2457999.809   16.11  0.10    KAIT
 2458000.809   16.17  0.29    KAIT
 2458001.789   16.29  0.09    KAIT
 2458002.797   16.36  0.06    KAIT
 2458003.828   16.47  0.08    KAIT
 2458004.797   16.71  0.01    KAIT
 2458004.816   16.60  0.05    KAIT
 2458005.824   16.75  0.04    KAIT
 2458006.836   16.90  0.06    KAIT
 2458007.816   17.03  0.09    KAIT
 2458009.793   17.24  0.04    KAIT
 2458010.801   17.33  0.04    KAIT
 2458011.789   17.39  0.05    KAIT
 2458012.793   17.45  0.05    KAIT
 2458013.777   17.48  0.05    KAIT
 2458014.375   17.36  0.11    KAIT
 2458014.785   17.53  0.05    KAIT
 2458016.777   17.57  0.05    KAIT
 2458018.805   17.62  0.06    KAIT
 2458019.762   17.60  0.05    KAIT
 2458020.789   17.59  0.05    KAIT
 2458021.793   17.63  0.05    KAIT
 2458022.766   17.61  0.04    KAIT
 2458024.750   17.60  0.05    KAIT
 2458025.770   17.60  0.05    KAIT
 2458026.746   17.69  0.09    KAIT
 2458027.766   17.59  0.08    KAIT
 2458028.742   17.72  0.08    KAIT
 2458030.762   17.64  0.08    KAIT
 2458031.372   17.80  0.13    KAIT
 2458031.766   17.72  0.09    KAIT
 2458032.758   17.70  0.09    KAIT
 2458033.386   17.68  0.11    KAIT
 2458033.758   17.66  0.08    KAIT
 2458034.742   17.67  0.06    KAIT
 2458036.750   17.67  0.06    KAIT
 2458037.750   17.73  0.06    KAIT
 2458038.719   17.68  0.07    KAIT
 2458040.715   17.72  0.05    KAIT
 2458042.699   17.73  0.05    KAIT
 2458043.711   17.74  0.07    KAIT
 2458044.699   17.74  0.08    KAIT
 2458045.703   17.76  0.06    KAIT
 2458048.707   17.78  0.05    KAIT
 2458049.676   17.81  0.07    KAIT
 2458050.684   17.76  0.08    KAIT
 2458051.664   17.76  0.06    KAIT
 2458052.691   17.83  0.06    KAIT
 2458053.656   17.80  0.07    KAIT
 2458054.672   17.85  0.06    KAIT
 2458055.668   17.76  0.05    KAIT
 2458056.691   17.80  0.07    KAIT
 2458058.691   17.85  0.08    KAIT
 2458059.633   17.82  0.09    KAIT
 2458063.664   17.87  0.07    KAIT
 2458064.586   17.85  0.12    KAIT
 2458065.660   17.84  0.07    KAIT
 2458069.660   17.85  0.07    KAIT
 2458070.582   17.85  0.08    KAIT
 2458076.641   18.00  0.10    KAIT
 2458088.578   17.95  0.14    KAIT
 2458089.617   18.09  0.14    KAIT
 2458092.613   18.12  0.15    KAIT
 2458093.613   18.02  0.07    KAIT
 2458095.606   17.99  0.08    KAIT
 2458096.578   18.06  0.08    KAIT
 2458097.602   18.09  0.08    KAIT
 2458098.578   18.02  0.10    KAIT
 2458102.590   18.11  0.06    KAIT
 2458106.598   18.19  0.06    KAIT
 2458109.590   18.15  0.07    KAIT
 2458115.598   18.11  0.10    KAIT
 2458117.594   18.13  0.09    KAIT
